219        
ligand 
N 17.420000 1.247000 9.647000 1.54
C 16.608999 2.492000 9.660000 1.85
C 15.432000 2.394000 8.694000 1.85
O 15.553000 1.833000 7.606000 1.40
C 17.511999 3.665000 9.274000 1.85
C 17.759001 4.610000 10.433000 1.85
N 18.707001 4.255000 11.294000 1.54
O 17.107000 5.647000 10.555000 1.40
N 14.293000 2.946000 9.102000 1.54
C 13.092000 2.923000 8.274000 1.85
C 12.163000 4.079000 8.634000 1.85
O 11.327000 3.962000 9.530000 1.40
C 12.359000 1.590000 8.438000 1.85
C 11.787000 1.002000 7.147000 1.85
C 11.169000 2.097000 6.291000 1.85
C 12.871000 0.266000 6.373000 1.85
N 12.319000 5.197000 7.930000 1.54
C 11.497000 6.378000 8.175000 1.85
C 10.106000 6.215000 7.572000 1.85
O 9.096000 6.429000 8.252000 1.40
C 12.172000 7.622000 7.594000 1.85
C 11.495000 8.903000 7.977000 1.85
C 10.191000 9.241000 7.753000 1.85
C 12.090000 10.020000 8.648000 1.85
C 11.088000 10.997000 8.800000 1.85
C 13.372000 10.287000 9.136000 1.85
N 9.939000 10.499000 8.246000 1.54
C 11.330000 12.221000 9.419000 1.85
C 13.611000 11.502000 9.750000 1.85
C 12.594000 12.456000 9.887000 1.85
N 10.063000 5.839000 6.291000 1.54
C 8.800000 5.650000 5.586000 1.85
C 7.914000 4.634000 6.319000 1.85
O 7.379000 4.979000 7.363000 1.40
C 9.059000 5.252000 4.139000 1.85
N 7.771000 3.401000 5.770000 1.54
C 6.954000 2.322000 6.367000 1.85
C 6.215000 2.744000 7.637000 1.85
O 5.001000 2.936000 7.625000 1.40
C 7.832000 1.115000 6.657000 1.85
N 6.962000 2.902000 8.727000 1.54
C 6.382000 3.319000 9.997000 1.85
C 5.488000 4.547000 9.815000 1.85
O 4.268000 4.461000 9.960000 1.40
C 7.488000 3.623000 11.009000 1.85
C 7.192000 3.109000 12.409000 1.85
C 7.807000 3.976000 13.489000 1.85
N 8.154000 3.363000 14.615000 1.54
O 7.970000 5.184000 13.315000 1.40
N 6.096000 5.692000 9.490000 1.54
C 5.333000 6.923000 9.288000 1.85
C 4.432000 6.797000 8.064000 1.85
O 3.261000 7.178000 8.093000 1.40
C 6.278000 8.115000 9.123000 1.85
C 5.597000 9.462000 9.302000 1.85
C 6.611000 10.588000 9.413000 1.85
N 6.145000 11.663000 10.286000 1.54
C 6.651000 12.895000 10.284000 1.85
N 7.637000 13.218000 9.455000 1.54
N 6.169000 13.809000 11.115000 1.54
N 4.998000 6.247000 6.998000 1.54
C 4.289000 6.033000 5.742000 1.85
C 2.890000 5.475000 5.994000 1.85
O 1.900000 5.981000 5.464000 1.40
C 5.104000 5.064000 4.884000 1.85
C 4.605000 4.878000 3.472000 1.85
C 3.630000 5.705000 2.930000 1.85
C 5.130000 3.869000 2.676000 1.85
C 3.189000 5.526000 1.631000 1.85
C 4.698000 3.685000 1.378000 1.85
C 3.725000 4.516000 0.861000 1.85
O 3.286000 4.336000 -0.430000 1.40
N 2.819000 4.433000 6.816000 1.54
C 1.543000 3.824000 7.136000 1.85
C 0.677000 4.723000 7.995000 1.85
O -0.528000 4.830000 7.772000 1.40
N 1.291000 5.372000 8.980000 1.54
C 0.564000 6.269000 9.871000 1.85
C -0.212000 7.311000 9.071000 1.85
O -1.423000 7.464000 9.238000 1.40
C 1.530000 6.962000 10.834000 1.85
C 0.878000 7.410000 12.132000 1.85
C 1.866000 8.135000 13.032000 1.85
N 1.289000 8.451000 14.336000 1.54
C 1.972000 9.001000 15.338000 1.85
N 3.258000 9.299000 15.195000 1.54
N 1.366000 9.255000 16.490000 1.54
N 0.493000 8.022000 8.197000 1.54
C -0.130000 9.045000 7.368000 1.85
C -1.280000 8.454000 6.561000 1.85
O -2.356000 9.046000 6.468000 1.40
C 0.903000 9.670000 6.427000 1.85
C 0.769000 11.178000 6.293000 1.85
C 2.108000 11.870000 6.131000 1.85
O 3.110000 11.171000 5.869000 1.40
O 2.155000 13.111000 6.265000 1.40
N -1.047000 7.281000 5.982000 1.54
C -2.066000 6.606000 5.186000 1.85
C -3.272000 6.238000 6.045000 1.85
O -4.403000 6.199000 5.560000 1.40
C -1.484000 5.347000 4.538000 1.85
C -1.759000 5.198000 3.040000 1.85
C -3.225000 4.876000 2.796000 1.85
C -1.356000 6.462000 2.295000 1.85
N -3.023000 5.969000 7.324000 1.54
C -4.088000 5.605000 8.251000 1.85
C -5.103000 6.735000 8.387000 1.85
O -6.303000 6.528000 8.211000 1.40
C -3.505000 5.261000 9.623000 1.85
C -4.538000 4.747000 10.613000 1.85
C -4.493000 5.524000 11.919000 1.85
N -5.012000 4.742000 13.039000 1.54
C -4.942000 5.129000 14.312000 1.85
N -4.374000 6.285000 14.635000 1.54
N -5.441000 4.355000 15.266000 1.54
N -4.612000 7.931000 8.700000 1.54
C -5.479000 9.094000 8.858000 1.85
C -6.443000 9.213000 7.682000 1.85
O -7.663000 9.193000 7.858000 1.40
C -4.641000 10.369000 8.978000 1.85
C -5.267000 11.425000 9.875000 1.85
C -4.234000 12.433000 10.353000 1.85
N -4.835000 13.484000 11.172000 1.54
C -4.135000 14.408000 11.828000 1.85
N -2.808000 14.418000 11.767000 1.54
N -4.765000 15.326000 12.548000 1.54
N -5.888000 9.331000 6.480000 1.54
C -6.699000 9.447000 5.276000 1.85
C -7.762000 8.354000 5.240000 1.85
O -8.863000 8.562000 4.733000 1.40
C -5.817000 9.361000 4.030000 1.85
C -5.245000 10.701000 3.596000 1.85
S -3.532000 10.579000 3.046000 1.89
C -2.718000 11.644000 4.234000 1.85
N -7.423000 7.190000 5.788000 1.54
C -8.348000 6.063000 5.825000 1.85
C -9.574000 6.400000 6.667000 1.85
O -10.710000 6.257000 6.213000 1.40
C -7.652000 4.823000 6.389000 1.85
O -8.113000 4.529000 7.697000 1.40
N -9.333000 6.855000 7.895000 1.54
C -10.417000 7.220000 8.800000 1.85
C -11.423000 8.117000 8.090000 1.85
O -12.634000 7.925000 8.207000 1.40
C -9.861000 7.932000 10.035000 1.85
C -10.773000 7.799000 11.239000 1.85
O -11.972000 8.128000 11.115000 1.40
O -10.289000 7.365000 12.305000 1.40
N -10.912000 9.091000 7.345000 1.54
C -11.764000 10.013000 6.605000 1.85
C -12.264000 9.368000 5.314000 1.85
O -13.357000 9.673000 4.837000 1.40
C -11.002000 11.300000 6.285000 1.85
C -11.423000 12.484000 7.140000 1.85
C -11.085000 13.816000 6.499000 1.85
O -10.219000 13.838000 5.598000 1.40
O -11.685000 14.836000 6.897000 1.40
N -11.453000 8.473000 4.756000 1.54
C -11.804000 7.778000 3.522000 1.85
C -13.215000 7.205000 3.605000 1.85
O -13.986000 7.285000 2.649000 1.40
C -10.793000 6.658000 3.254000 1.85
C -10.891000 6.033000 1.887000 1.85
C -11.333000 6.760000 0.789000 1.85
C -10.523000 4.709000 1.701000 1.85
C -11.407000 6.176000 -0.462000 1.85
C -10.592000 4.122000 0.453000 1.85
C -11.035000 4.856000 -0.631000 1.85
N -13.547000 6.631000 4.758000 1.54
C -14.868000 6.048000 4.969000 1.85
C -15.666000 6.853000 5.989000 1.85
O -15.098000 7.461000 6.896000 1.40
C -14.770000 4.590000 5.452000 1.85
C -13.439000 3.979000 5.042000 1.85
C -14.958000 4.513000 6.960000 1.85
N -16.987000 6.853000 5.835000 1.54
C -17.862000 7.583000 6.745000 1.85
C -19.323000 7.451000 6.324000 1.85
O -20.214001 7.343000 7.166000 1.40
C -17.466999 9.061000 6.793000 1.85
C -17.471001 9.615000 8.204000 1.85
O -17.240999 8.832000 9.149000 1.40
O -17.704000 10.831000 8.364000 1.40
N -19.562000 7.463000 5.016000 1.54
C -20.916000 7.348000 4.487000 1.85
C -21.231001 5.908000 4.094000 1.85
O -22.306000 5.392000 4.401000 1.40
C -21.093000 8.269000 3.278000 1.85
O -20.865999 9.622000 3.630000 1.40
N -20.291000 5.265000 3.410000 1.54
C -20.474001 3.885000 2.974000 1.85
C -20.855000 2.990000 4.148000 1.85
O -21.801001 2.208000 4.064000 1.40
C -19.198999 3.357000 2.311000 1.85
C -18.606001 4.293000 1.293000 1.85
C -19.364000 5.309000 0.730000 1.85
C -17.284000 4.154000 0.901000 1.85
C -18.813000 6.166000 -0.204000 1.85
C -16.729000 5.007000 -0.032000 1.85
C -17.493999 6.014000 -0.585000 1.85
N -20.110001 3.109000 5.242000 1.54
C -20.368999 2.310000 6.434000 1.85
C -21.635000 2.782000 7.142000 1.85
O -21.825001 3.978000 7.364000 1.40
C -19.177999 2.384000 7.392000 1.85
C -18.881001 3.790000 7.888000 1.85
C -17.802999 3.787000 8.959000 1.85
C -18.294001 3.137000 10.242000 1.85
N -17.309000 3.281000 11.350000 1.54
N -22.497999 1.835000 7.495000 1.54
C -23.746000 2.153000 8.178000 1.85
C -24.718000 2.856000 7.236000 1.85
O -24.254000 3.666000 6.405000 1.40
C -23.473000 3.035000 9.398000 1.85
C -24.580000 2.992000 10.439000 1.85
C -25.622999 4.068000 10.186000 1.85
C -26.976999 3.675000 10.754000 1.85
N -27.790001 4.865000 11.129000 1.54
O -25.934000 2.590000 7.335000 1.40
